"stable","prog","dead"
1,0,0
0.981108145996803,0.0173461132267427,0.00154574077645475
0.95496673036975,0.0400258199991159,0.00500744963113442
0.925708358645522,0.0643469732132945,0.00994466814118311
0.894648029312364,0.0891932406652828,0.0161587300223534
0.862531453937784,0.113952559306268,0.0235159867559483
0.829855862393804,0.138231062679409,0.0319130749267869
0.796980267517688,0.161755987176808,0.0412637453055037
0.764175713155288,0.18433172118047,0.0514925656642417
0.731652224092624,0.205816287337702,0.0625314885696739
0.699574935572727,0.226107248433121,0.0743178159941515
0.668074550384093,0.245132529245664,0.0867929203702421
0.637254545937628,0.262844046632475,0.0999014074298971
0.607196386557686,0.279213061362651,0.113590552079664
0.577963441603858,0.294226647890388,0.127809910505754
0.549604024450234,0.307884925637092,0.142511049912673
0.522153810520565,0.320198830639658,0.157647358839778
0.49563780178992,0.331188284455956,0.173173913754124
0.470071950229963,0.340880664282916,0.189047385487122
0.445464518159062,0.349309507729248,0.205225974111689
0.421817231052359,0.3565134047772,0.221669364170441
0.399126263399647,0.362535042192084,0.238338694408269
0.377383087943615,0.367420374339089,0.255196537717295
0.356575211441851,0.371217900455282,0.272206888102868
0.336686814950618,0.373978032775517,0.289335152273864
0.31769931287493,0.375752543080879,0.306548144044191
0.29959184224237,0.376594077589661,0.323814080167969
0.282341691554226,0.376555731885004,0.34110257656077
0.265924676954193,0.37569067893344,0.358384644112367
0.250315472199474,0.374051844307525,0.375632683493001
0.235487897928224,0.371691623562359,0.392820478509417
0.221415174924642,0.368661637386241,0.409923187689117
0.208070145440791,0.365012520690345,0.426917333868864
0.195425466107474,0.360793742250598,0.443780791641928
0.183453775529425,0.356053451888636,0.460492772581939
0.172127839293493,0.350838352493876,0.477033808212631
0.161420674807778,0.345193594457749,0.493385730734474
0.151305658123922,0.339162690322983,0.509531651553095
0.141756614665371,0.332787447652835,0.525455937681794
0.132747895584839,0.326107918302662,0.541144186112499
0.124254441299365,0.319162362433529,0.556583196267106
0.116251833597059,0.311987225748071,0.57176094065487
0.108716337572814,0.304617128555069,0.586666533872118
0.101624934528185,0.297084865383507,0.601290200088308
0.0949553468613495,0.289421413970719,0.615623239167932
0.088686055874707,0.281655952544169,0.629657991581124
0.0827963133390218,0.273815884403466,0.643387802257512
0.0772661475727237,0.265926868889366,0.65680698353791
0.0720763647222116,0.25801285790049,0.669910777377299
0.067208545862866,0.250096137186996,0.682695316950138
0.0626450404802872,0.242197371713942,0.695157587805771
0.0583689568364408,0.234335654446074,0.707295388717485
0.0543641496753807,0.226528557960715,0.719107292363904
0.0506152056775894,0.218792188346493,0.730592605975917
0.0471074270303234,0.211141240893339,0.741751332076338
0.0438268134433278,0.203589057123578,0.752584129433094
0.0407600429045732,0.196147682755402,0.763092274340025
0.0378944514389985,0.188827926228628,0.773277622332373
0.0352180121043508,0.18163941745872,0.783142570436929
0.0327193134318787,0.174590666518658,0.792690020049463
0.0303875374956487,0.167689121979541,0.80192334052481
0.0282124377724271,0.160941228670014,0.810846333557559
0.0261843169342256,0.154352484641715,0.819463198424059
0.0242940046975963,0.147927497153227,0.827778498149177
0.0225328358374253,0.141670037508402,0.835797126654173
0.020892628458189,0.13558309460672,0.843524276935091
0.0193656626022718,0.129668927083439,0.85096541031429
0.0179446592628849,0.123929113935935,0.85812622680118
0.0166227598582723,0.118364603549818,0.86501263659191
0.0153935062141335,0.112975761054222,0.871630732731644
0.0142508210924529,0.107762413950271,0.877986764957276
0.0131889892971085,0.102723895970015,0.884087114732877
0.012202639379668,0.0978590891353952,0.889938271484937
0.0112867259625876,0.0931664639978973,0.895546810039515
0.0104365126915497,0.088644118049692,0.900919369258758
0.00964755582383769,0.0842898123062358,0.906062631869927
0.00891568845540414,0.0801010060685652,0.910983305476031
0.00823700538557037,0.0760748898809579,0.915688104733472
0.00760784861508124,0.0722084167062632,0.920183734678656
0.00702479347044538,0.0684983313471054,0.924476875182449
0.00648463534511223,0.0649411981463549,0.928574166508533
0.00598437704601018,0.0615334270048166,0.932482195949173
0.00552121673226902,0.0582712977580215,0.936207485509709
0.00509253643154073,0.0551509829573894,0.93975648061107
0.0046958911181858,0.0521685691038741,0.94313553977794
0.00432899833667522,0.0493200763845741,0.946350925278751
0.00398972835285472,0.0466014769646965,0.949408794682449
0.00367609481519493,0.0440087118887631,0.952315193296042
0.00338624590779479,0.0415377066460546,0.955076047446151
0.00311845597669069,0.0391843854560546,0.957697158567255
0.00287111761094072,0.0369446843300872,0.960184198058972
0.0026427341599734,0.034814562965493,0.962542702874534
0.00243191266881559,0.032790015528561,0.964778071802623
0.00223735721301488,0.030867080382075,0.96689556240491
0.00205786261534502,0.0290418488127546,0.9689002885719
0.00189230852672284,0.0273104728130967,0.97079721866018
0.00173965385414365,0.0256691719711799,0.972591174174676
0.00159893151887514,0.0241142395209009,0.974286828960224
0.001469243528605,0.0226420476038823,0.975888708867513
0.00134975634773182,0.0212490517929496,0.977401191859319
0.0012396965504915,0.0199317949256347,0.978828508523874
0.00113834674213886,0.0186869102946468,0.980174742963214
0.0010450417339386,0.0175111242406537,0.981443834025408
0.000959164958258429,0.0164012581910846,0.982639576850657
0.00088014511060186,0.0153542301869722,0.983765624702426
0.00080745300595908,0.0143670559381461,0.984825491055895
0.000740598637393064,0.0134368494453516,0.985822551917255
0.000679128425309816,0.0125608232261295,0.986760048348561
0.00062262264638524,0.0117362881795467,0.987641089174068
0.000570693031634928,0.0109606531231364,0.988468653845229
0.000522980523615657,0.0102314240336813,0.989245595442703
0.000479153183235659,0.00954620302177855,0.989974643794986
0.000438904237125892,0.00890268706845265,0.990658408694421
0.000401950256989192,0.00829866655043621,0.991299383192575
0.000368029462783692,0.00773202357914504,0.991899946958071
0.00033690014203358,0.00720073017680434,0.992462369681162
0.000308339177970907,0.00670284631166418,0.992988814510365
0.000282140679610965,0.00623651781277546,0.993481341507614
0.000258114707248791,0.00579997418336697,0.993941911109384
0.000236086087226139,0.0053915263305,0.994372387582274
0.000215893310174131,0.00500956422735066,0.994774542462475
0.000197387507267499,0.00465255452320856,0.995150057969524
0.000180431499346545,0.00431903811506729,0.995500530385586
0.000164898914070122,0.00400762769352447,0.995827473392405
0.000150673366548171,0.00371700527460772,0.996132321358844
0.000137647699180898,0.00344591972809594,0.996416432572723
0.000125723276691247,0.00319318431191018,0.996681092411399
0.000114809332585786,0.00295767422121007,0.996927516446204
0.000104822363513835,0.00273832415994479,0.997156853476541
9.56855682155977e-05,0.00253412594177094,0.997370188490013
8.73283279626547e-05,0.00234412612646595,0.997568545545571
7.96857255901395e-05,0.00216742369723122,0.997752890577179
7.26981004069982e-05,0.00200316778359066,0.997924134116002
6.63106364513499e-05,0.00185055543394719,0.998083133929601
6.04729817181848e-05,0.00170882944126916,0.998230697577013
5.51388961480548e-05,0.00157727622482051,0.998367584879031
5.02659263120764e-05,0.00145522377033924,0.998494510303349
4.58151048637889e-05,0.00134203963059687,0.998612145264539
4.17506729640804e-05,0.00123712898783845,0.998721120339197
3.80398240020785e-05,0.00113993277920443,0.998822027396793
3.46524670533643e-05,0.00104992588587483,0.998915421647072
3.15610086233375e-05,0.000966615386342684,0.999001823605034
2.87401513222596e-05,0.000889538873930396,0.999081720974747
2.61667082164241e-05,0.000818262838386818,0.999155570453397
2.3819431684946e-05,0.000752381111167044,0.999223799457148
2.16788556952618e-05,0.000691513373775265,0.999286807770529
1.97271504895902e-05,0.000635303728364622,0.999344969121146
1.79479887411071e-05,0.000583419329616031,0.999398632681643
1.63264223141946e-05,0.000535549076770558,0.999448124500915
1.48487688164112e-05,0.000491402364565907,0.999493748866618
1.35025071970052e-05,0.000450707891712754,0.99953578960109
1.22761816957473e-05,0.000413212525457451,0.999574511292847
1.11593134975996e-05,0.000378680220704863,0.999610160465798
1.01423194995842e-05,0.000346890992102611,0.999642966688398
9.2164376350734e-06,0.000317639937451486,0.999673143624913
8.37365824635228e-06,0.000290736310760042,0.999700890030994
7.60666103005736e-06,0.000266002643243057,0.999726390695727
6.90875712117123e-06,0.000243273910541464,0.999749817332337
6.27383590767749e-06,0.000222396744440134,0.999771329419652
5.69631620384037e-06,0.000203228687358448,0.999791074996438
5.17110143605226e-06,0.000185637487897572,0.999809191410666
4.69353852095011e-06,0.000169500435744818,0.999825806025734
4.2593801429236e-06,0.000154703734254857,0.999841036885602
3.864750156235e-06,0.000141141909055564,0.999854993340788
3.50611186283878e-06,0.000128717251054233,0.999867776637083
3.18023893286501e-06,0.000117339292256213,0.999879480468811
2.88418875460383e-06,0.00010692431284387,0.999890191498402
2.6152780159272e-06,9.73948780063072e-05,0.999899989843978
2.37106033729173e-06,8.86794030473537e-05,0.999908949536615
2.14930578723571e-06,8.07117453514028e-05,0.999917138948861
1.94798212682645e-06,7.34308218243163e-05,0.999924621196049
1.76523764217063e-06,6.67802504774606e-05,0.99993145451188
1.5993854319829e-06,6.07080148711248e-05,0.999937692599697
1.44888903252927e-06,5.51661501771994e-05,0.99994338496079
1.31234926725732e-06,5.01104496727356e-05,0.99994857720106
1.18849222052742e-06,4.55001905220742e-05,0.999953311317257
1.07615824163076e-06,4.12978777518669e-05,0.999957625964007
9.74291893163226e-07,3.74690053734916e-05,0.999961556702733
8.81932763485693e-07,3.39818336498876e-05,0.999965136233587
7.98207073215984e-07,3.08071815516842e-05,0.999968394611375
7.2232000647432e-07,2.79182334915751e-05,0.999971359446502
6.53548706930351e-07,2.52903594706311e-05,0.999974056091822
5.91235882696495e-07,2.29009478098785e-05,0.999976507816307
5.34783966887886e-07,2.07292496862133e-05,0.999978735966347
4.83649788884932e-07,1.87562347270243e-05,0.999980760115484
4.37339710890328e-07,1.69644569606442e-05,0.999982598203328
3.95405190367626e-07,1.53379304556056e-05,0.999984266664354
3.57438732945248e-07,1.38620140182066e-05,0.999985780547249
3.23070200924924e-07,1.25233043510864e-05,0.999987153625448
2.91963447196508e-07,1.13095371137018e-05,0.999988398499439
2.63813247580735e-07,1.0209495350022e-05,0.999989526691402
2.3834250395538e-07,9.2129247883932e-06,0.999990548732708
2.15299695516258e-07,8.31045554072762e-06,0.999991474244764
1.94456557633949e-07,7.49352975970563e-06,0.999992312013683
1.756059662128e-07,6.75433483887655e-06,0.999993070059195
1.58560012453179e-07,6.08574176541588e-06,0.999993755698222
1.43148248588076e-07,5.48124826127427e-06,0.99999437560349
1.29216091271367e-07,4.93492636821635e-06,0.999994935857541
1.16623368850988e-07,4.44137415711587e-06,0.999995442002474
1.05242998538202e-07,3.99567126230238e-06,0.999995899085739
9.4959783702997e-08,3.59333795840744e-06,0.999996311702258
8.56693191941815e-08,3.23029751958526e-06,0.999996684033161
7.72769958024e-08,2.90284161552634e-06,0.999997019881389
6.96970953173448e-08,2.60759851733461e-06,0.999997322704387
6.28519677414729e-08,2.34150389866183e-06,0.999997595644134
5.66712829996874e-08,2.10177403714429e-06,0.99999784155468
5.10913513718236e-08,1.8858812297351e-06,0.999998063027419
4.60545057645589e-08,1.69153125084698e-06,0.999998262414243
4.15085403826509e-08,1.51664269654184e-06,0.999998441848763
3.74062013586141e-08,1.35932806288874e-06,0.999998603265736
3.37047232346066e-08,1.21787642659577e-06,0.99999874841885
3.03654095201722e-08,1.09073759502198e-06,0.999998878896995
2.73532504424523e-08,9.7650761343715e-07,0.999998996139136
2.46365767786472e-08,8.73915515953172e-07,0.999999101447907
2.21867457739222e-08,7.81811222316797e-07,0.999999196002032
1.99778557030683e-08,6.99154484529174e-07,0.99999928086766
1.79864870775148e-08,6.2500480024763e-07,0.999999357008713
1.6191468610316e-08,5.58512209258843e-07,0.999999425296322
1.45736634982185e-08,4.98908903634465e-07,0.999999486517433
1.31157771310342e-08,4.45501580959018e-07,0.999999541382642
1.1802181898446e-08,3.97664478235527e-07,0.99999959053334
1.06187587611828e-08,3.54833030846713e-07,0.99999963454821
9.5527534771378e-09,3.1649810094958e-07,0.999999673949146
8.59264615016286e-09,2.82200728896065e-07,0.999999709206625
7.72803399051725e-09,2.51527359718118e-07,0.999999740744606
6.9495235122119e-09,2.24105508150885e-07,0.999999768944968
6.24863460974012e-09,1.99599818118124e-07,0.999999794151547
5.61771251739174e-09,1.7770848803611e-07,0.999999816673799
5.0498484283068e-09,1.58160025631737e-07,0.999999836790126
4.53880799611284e-09,1.40710304630254e-07,0.999999854750887
4.07896594278867e-09,1.25139897555471e-07,0.999999870781137
3.66524777195565e-09,1.11251657108902e-07,0.999999885083095
3.29307592306094e-09,9.88685272540479e-08,0.999999897838397
2.95832225383208e-09,8.78315604690982e-08,0.999999909210117
2.6572640754452e-09,7.79981245146999e-08,0.999999919344611
2.38654496165225e-09,6.92402792878966e-08,0.999999928373176
2.14313911062192e-09,6.14433104395573e-08,0.99999993641355
1.92431925949421e-09,5.45044043231968e-08,0.999999943571276
1.72762715244801e-09,4.8331450175354e-08,0.999999949940923
1.55084822761609e-09,4.28419595355223e-08,0.999999955607192
1.39198652604478e-09,3.79620912482892e-08,0.999999960645922
